# 图1: 异常分数
filtered_timestamps = [
    datetime(2021, 4, 27, 0, 0),
    datetime(2021, 4, 27, 0, 10),
    datetime(2021, 4, 27, 0, 20),
    datetime(2021, 4, 27, 0, 30),
    datetime(2021, 4, 27, 0, 40),
    datetime(2021, 4, 27, 0, 50),
    datetime(2021, 4, 27, 1, 0),
    datetime(2021, 4, 27, 1, 10),
    datetime(2021, 4, 27, 1, 20),
    datetime(2021, 4, 27, 1, 30),
    datetime(2021, 4, 27, 1, 40),
    datetime(2021, 4, 27, 1, 50),
    datetime(2021, 4, 27, 2, 0),
    datetime(2021, 4, 27, 2, 10),
    datetime(2021, 4, 27, 2, 20),
    datetime(2021, 4, 27, 2, 30),
    datetime(2021, 4, 27, 2, 40),
    datetime(2021, 4, 27, 2, 50),
    datetime(2021, 4, 27, 3, 0),
    datetime(2021, 4, 27, 3, 10),
    datetime(2021, 4, 27, 3, 20),
    datetime(2021, 4, 27, 3, 30),
    datetime(2021, 4, 27, 3, 40),
    datetime(2021, 4, 27, 3, 50),
    datetime(2021, 4, 27, 4, 0),
    datetime(2021, 4, 27, 4, 10),
    datetime(2021, 4, 27, 4, 20),
    datetime(2021, 4, 27, 4, 30),
    datetime(2021, 4, 27, 4, 40),
    datetime(2021, 4, 27, 4, 50),
    datetime(2021, 4, 27, 5, 0),
    datetime(2021, 4, 27, 5, 10),
    datetime(2021, 4, 27, 5, 20),
    datetime(2021, 4, 27, 5, 30),
    datetime(2021, 4, 27, 5, 40),
    datetime(2021, 4, 27, 5, 50),
    datetime(2021, 4, 27, 6, 0),
    datetime(2021, 4, 27, 6, 10),
    datetime(2021, 4, 27, 6, 20),
    datetime(2021, 4, 27, 6, 30),
    datetime(2021, 4, 27, 6, 40),
    datetime(2021, 4, 27, 6, 50),
    datetime(2021, 4, 27, 7, 0),
    datetime(2021, 4, 27, 7, 10),
    datetime(2021, 4, 27, 7, 20),
    datetime(2021, 4, 27, 7, 30),
    datetime(2021, 4, 27, 7, 40),
    datetime(2021, 4, 27, 7, 50),
    datetime(2021, 4, 27, 8, 0),
    datetime(2021, 4, 27, 8, 10),
    datetime(2021, 4, 27, 8, 20),
    datetime(2021, 4, 27, 8, 30),
    datetime(2021, 4, 27, 8, 40),
    datetime(2021, 4, 27, 8, 50),
    datetime(2021, 4, 27, 9, 0),
    datetime(2021, 4, 27, 9, 10),
    datetime(2021, 4, 27, 9, 20),
    datetime(2021, 4, 27, 9, 30),
    datetime(2021, 4, 27, 9, 40),
    datetime(2021, 4, 27, 9, 50),
    datetime(2021, 4, 27, 10, 0),
    datetime(2021, 4, 27, 10, 10),
    datetime(2021, 4, 27, 10, 20),
    datetime(2021, 4, 27, 10, 30),
    datetime(2021, 4, 27, 10, 40),
    datetime(2021, 4, 27, 10, 50),
    datetime(2021, 4, 27, 11, 0),
    datetime(2021, 4, 27, 11, 10),
    datetime(2021, 4, 27, 11, 20),
    datetime(2021, 4, 27, 11, 30),
    datetime(2021, 4, 27, 11, 40),
    datetime(2021, 4, 27, 11, 50),
    datetime(2021, 4, 27, 12, 0),
    datetime(2021, 4, 27, 12, 10),
    datetime(2021, 4, 27, 12, 20),
    datetime(2021, 4, 27, 12, 30),
    datetime(2021, 4, 27, 12, 40),
    datetime(2021, 4, 27, 12, 50),
    datetime(2021, 4, 27, 13, 0),
    datetime(2021, 4, 27, 13, 10),
    datetime(2021, 4, 27, 13, 20),
    datetime(2021, 4, 27, 13, 30),
    datetime(2021, 4, 27, 13, 40),
    datetime(2021, 4, 27, 13, 50),
    datetime(2021, 4, 27, 14, 0),
    datetime(2021, 4, 27, 14, 10),
    datetime(2021, 4, 27, 14, 20),
    datetime(2021, 4, 27, 14, 30),
    datetime(2021, 4, 27, 14, 40),
    datetime(2021, 4, 27, 14, 50),
    datetime(2021, 4, 27, 15, 0),
    datetime(2021, 4, 27, 15, 10),
    datetime(2021, 4, 27, 15, 20),
    datetime(2021, 4, 27, 15, 30),
    datetime(2021, 4, 27, 15, 40),
    datetime(2021, 4, 27, 15, 50),
    datetime(2021, 4, 27, 16, 0),
    datetime(2021, 4, 27, 16, 10),
    datetime(2021, 4, 27, 16, 20),
    datetime(2021, 4, 27, 16, 30),
    datetime(2021, 4, 27, 16, 40),
    datetime(2021, 4, 27, 16, 50),
    datetime(2021, 4, 27, 17, 0),
    datetime(2021, 4, 27, 17, 10),
    datetime(2021, 4, 27, 17, 20),
    datetime(2021, 4, 27, 17, 30),
    datetime(2021, 4, 27, 17, 40),
    datetime(2021, 4, 27, 17, 50),
    datetime(2021, 4, 27, 18, 0),
    datetime(2021, 4, 27, 18, 10),
    datetime(2021, 4, 27, 18, 20),
    datetime(2021, 4, 27, 18, 30),
    datetime(2021, 4, 27, 18, 40),
    datetime(2021, 4, 27, 18, 50),
    datetime(2021, 4, 27, 19, 0),
    datetime(2021, 4, 27, 19, 10),
    datetime(2021, 4, 27, 19, 20),
    datetime(2021, 4, 27, 19, 30),
    datetime(2021, 4, 27, 19, 40),
    datetime(2021, 4, 27, 19, 50),
    datetime(2021, 4, 27, 20, 0),
    datetime(2021, 4, 27, 20, 10),
    datetime(2021, 4, 27, 20, 20),
    datetime(2021, 4, 27, 20, 30),
    datetime(2021, 4, 27, 20, 40),
    datetime(2021, 4, 27, 20, 50),
    datetime(2021, 4, 27, 21, 0),
    datetime(2021, 4, 27, 21, 10),
    datetime(2021, 4, 27, 21, 20),
    datetime(2021, 4, 27, 21, 30),
    datetime(2021, 4, 27, 21, 40),
    datetime(2021, 4, 27, 21, 50),
    datetime(2021, 4, 27, 22, 0),
    datetime(2021, 4, 27, 22, 10),
    datetime(2021, 4, 27, 22, 20),
    datetime(2021, 4, 27, 22, 30),
    datetime(2021, 4, 27, 22, 40),
    datetime(2021, 4, 27, 22, 50),
    datetime(2021, 4, 27, 23, 0),
    datetime(2021, 4, 27, 23, 10),
    datetime(2021, 4, 27, 23, 20),
    datetime(2021, 4, 27, 23, 30),
    datetime(2021, 4, 27, 23, 40),
    datetime(2021, 4, 27, 23, 50),
    datetime(2021, 4, 28, 0, 0),
    datetime(2021, 4, 28, 0, 10),
    datetime(2021, 4, 28, 0, 20),
    datetime(2021, 4, 28, 0, 30),
    datetime(2021, 4, 28, 0, 40),
    datetime(2021, 4, 28, 0, 50),
    datetime(2021, 4, 28, 1, 0),
    datetime(2021, 4, 28, 1, 10),
    datetime(2021, 4, 28, 1, 20),
    datetime(2021, 4, 28, 1, 30),
    datetime(2021, 4, 28, 1, 40),
    datetime(2021, 4, 28, 1, 50),
    datetime(2021, 4, 28, 2, 0),
    datetime(2021, 4, 28, 2, 10),
    datetime(2021, 4, 28, 2, 20),
    datetime(2021, 4, 28, 2, 30),
    datetime(2021, 4, 28, 2, 40),
    datetime(2021, 4, 28, 2, 50),
    datetime(2021, 4, 28, 3, 0),
    datetime(2021, 4, 28, 3, 10),
    datetime(2021, 4, 28, 3, 20),
    datetime(2021, 4, 28, 3, 30),
    datetime(2021, 4, 28, 3, 40),
    datetime(2021, 4, 28, 3, 50),
    datetime(2021, 4, 28, 4, 0),
    datetime(2021, 4, 28, 4, 10),
    datetime(2021, 4, 28, 4, 20),
    datetime(2021, 4, 28, 4, 30),
    datetime(2021, 4, 28, 4, 40),
    datetime(2021, 4, 28, 4, 50),
    datetime(2021, 4, 28, 5, 0),
    datetime(2021, 4, 28, 5, 10),
    datetime(2021, 4, 28, 5, 20),
    datetime(2021, 4, 28, 5, 30),
    datetime(2021, 4, 28, 5, 40),
    datetime(2021, 4, 28, 5, 50),
    datetime(2021, 4, 28, 6, 0),
    datetime(2021, 4, 28, 6, 10),
    datetime(2021, 4, 28, 6, 20),
    datetime(2021, 4, 28, 6, 30),
    datetime(2021, 4, 28, 6, 40),
    datetime(2021, 4, 28, 6, 50),
    datetime(2021, 4, 28, 7, 0),
    datetime(2021, 4, 28, 7, 10),
    datetime(2021, 4, 28, 7, 20),
    datetime(2021, 4, 28, 7, 30),
    datetime(2021, 4, 28, 7, 40),
    datetime(2021, 4, 28, 7, 50),
    datetime(2021, 4, 28, 8, 0),
    datetime(2021, 4, 28, 8, 10),
    datetime(2021, 4, 28, 8, 20),
    datetime(2021, 4, 28, 8, 30),
    datetime(2021, 4, 28, 8, 40),
    datetime(2021, 4, 28, 8, 50),
    datetime(2021, 4, 28, 9, 0),
    datetime(2021, 4, 28, 9, 10),
    datetime(2021, 4, 28, 9, 20),
    datetime(2021, 4, 28, 9, 30),
    datetime(2021, 4, 28, 9, 40),
    datetime(2021, 4, 28, 9, 50),
    datetime(2021, 4, 28, 10, 0),
    datetime(2021, 4, 28, 10, 10),
    datetime(2021, 4, 28, 10, 20),
    datetime(2021, 4, 28, 10, 30),
    datetime(2021, 4, 28, 10, 40),
    datetime(2021, 4, 28, 10, 50),
    datetime(2021, 4, 28, 11, 0),
    datetime(2021, 4, 28, 11, 10),
    datetime(2021, 4, 28, 11, 20),
    datetime(2021, 4, 28, 11, 30),
    datetime(2021, 4, 28, 11, 40),
    datetime(2021, 4, 28, 11, 50),
    datetime(2021, 4, 28, 12, 0),
    datetime(2021, 4, 28, 12, 10),
    datetime(2021, 4, 28, 12, 20),
    datetime(2021, 4, 28, 12, 30),
    datetime(2021, 4, 28, 12, 40),
    datetime(2021, 4, 28, 12, 50),
    datetime(2021, 4, 28, 13, 0),
    datetime(2021, 4, 28, 13, 10),
    datetime(2021, 4, 28, 13, 20),
    datetime(2021, 4, 28, 13, 30),
    datetime(2021, 4, 28, 13, 40),
    datetime(2021, 4, 28, 13, 50),
    datetime(2021, 4, 28, 14, 0),
    datetime(2021, 4, 28, 14, 10),
    datetime(2021, 4, 28, 14, 20),
    datetime(2021, 4, 28, 14, 30),
    datetime(2021, 4, 28, 14, 40),
    datetime(2021, 4, 28, 14, 50),
    datetime(2021, 4, 28, 15, 0),
    datetime(2021, 4, 28, 15, 10),
    datetime(2021, 4, 28, 15, 20),
    datetime(2021, 4, 28, 15, 30),
    datetime(2021, 4, 28, 15, 40),
    datetime(2021, 4, 28, 15, 50),
    datetime(2021, 4, 28, 16, 0),
    datetime(2021, 4, 28, 16, 10),
    datetime(2021, 4, 28, 16, 20),
    datetime(2021, 4, 28, 16, 30),
    datetime(2021, 4, 28, 16, 40),
    datetime(2021, 4, 28, 16, 50),
    datetime(2021, 4, 28, 17, 0),
    datetime(2021, 4, 28, 17, 10),
    datetime(2021, 4, 28, 17, 20),
    datetime(2021, 4, 28, 17, 30),
    datetime(2021, 4, 28, 17, 40),
    datetime(2021, 4, 28, 17, 50),
    datetime(2021, 4, 28, 18, 0),
    datetime(2021, 4, 28, 18, 10),
    datetime(2021, 4, 28, 18, 20),
    datetime(2021, 4, 28, 18, 30),
    datetime(2021, 4, 28, 18, 40),
    datetime(2021, 4, 28, 18, 50),
    datetime(2021, 4, 28, 19, 0),
    datetime(2021, 4, 28, 19, 10),
    datetime(2021, 4, 28, 19, 20),
    datetime(2021, 4, 28, 19, 30),
    datetime(2021, 4, 28, 19, 40),
    datetime(2021, 4, 28, 19, 50),
    datetime(2021, 4, 28, 20, 0),
    datetime(2021, 4, 28, 20, 10),
    datetime(2021, 4, 28, 20, 20),
    datetime(2021, 4, 28, 20, 30),
    datetime(2021, 4, 28, 20, 40),
    datetime(2021, 4, 28, 20, 50),
    datetime(2021, 4, 28, 21, 0),
    datetime(2021, 4, 28, 21, 10),
    datetime(2021, 4, 28, 21, 20),
    datetime(2021, 4, 28, 21, 30),
    datetime(2021, 4, 28, 21, 40),
    datetime(2021, 4, 28, 21, 50),
    datetime(2021, 4, 28, 22, 0),
    datetime(2021, 4, 28, 22, 10),
    datetime(2021, 4, 28, 22, 20),
    datetime(2021, 4, 28, 22, 30),
    datetime(2021, 4, 28, 22, 40),
    datetime(2021, 4, 28, 22, 50),
    datetime(2021, 4, 28, 23, 0),
    datetime(2021, 4, 28, 23, 10),
    datetime(2021, 4, 28, 23, 20),
    datetime(2021, 4, 28, 23, 30),
    datetime(2021, 4, 28, 23, 40),
    datetime(2021, 4, 28, 23, 50),
    datetime(2021, 4, 29, 0, 0),
    datetime(2021, 4, 29, 0, 10),
    datetime(2021, 4, 29, 0, 20),
    datetime(2021, 4, 29, 0, 30),
    datetime(2021, 4, 29, 0, 40),
    datetime(2021, 4, 29, 0, 50),
    datetime(2021, 4, 29, 1, 0),
    datetime(2021, 4, 29, 1, 10),
    datetime(2021, 4, 29, 1, 20),
    datetime(2021, 4, 29, 1, 30),
    datetime(2021, 4, 29, 1, 40),
    datetime(2021, 4, 29, 1, 50),
    datetime(2021, 4, 29, 2, 0),
    datetime(2021, 4, 29, 2, 10),
    datetime(2021, 4, 29, 2, 20),
    datetime(2021, 4, 29, 2, 30),
    datetime(2021, 4, 29, 2, 40),
    datetime(2021, 4, 29, 2, 50),
    datetime(2021, 4, 29, 3, 0),
    datetime(2021, 4, 29, 3, 10),
    datetime(2021, 4, 29, 3, 20),
    datetime(2021, 4, 29, 3, 30),
    datetime(2021, 4, 29, 3, 40),
    datetime(2021, 4, 29, 3, 50),
    datetime(2021, 4, 29, 4, 0),
    datetime(2021, 4, 29, 4, 10),
    datetime(2021, 4, 29, 4, 20),
    datetime(2021, 4, 29, 4, 30),
    datetime(2021, 4, 29, 4, 40),
    datetime(2021, 4, 29, 4, 50),
    datetime(2021, 4, 29, 5, 0),
    datetime(2021, 4, 29, 5, 10),
    datetime(2021, 4, 29, 5, 20),
    datetime(2021, 4, 29, 5, 30),
    datetime(2021, 4, 29, 5, 40),
    datetime(2021, 4, 29, 5, 50),
    datetime(2021, 4, 29, 6, 0),
    datetime(2021, 4, 29, 6, 10),
    datetime(2021, 4, 29, 6, 20),
    datetime(2021, 4, 29, 6, 30),
    datetime(2021, 4, 29, 6, 40),
    datetime(2021, 4, 29, 6, 50),
    datetime(2021, 4, 29, 7, 0),
    datetime(2021, 4, 29, 7, 10),
    datetime(2021, 4, 29, 7, 20),
    datetime(2021, 4, 29, 7, 30),
    datetime(2021, 4, 29, 7, 40),
    datetime(2021, 4, 29, 7, 50),
    datetime(2021, 4, 29, 8, 0),
    datetime(2021, 4, 29, 8, 10),
    datetime(2021, 4, 29, 8, 20),
    datetime(2021, 4, 29, 8, 30),
    datetime(2021, 4, 29, 8, 40),
    datetime(2021, 4, 29, 8, 50),
    datetime(2021, 4, 29, 9, 0),
    datetime(2021, 4, 29, 9, 10),
    datetime(2021, 4, 29, 9, 20),
    datetime(2021, 4, 29, 9, 30),
    datetime(2021, 4, 29, 9, 40),
    datetime(2021, 4, 29, 9, 50),
    datetime(2021, 4, 29, 10, 0),
    datetime(2021, 4, 29, 10, 10),
    datetime(2021, 4, 29, 10, 20),
    datetime(2021, 4, 29, 10, 30),
    datetime(2021, 4, 29, 10, 40),
    datetime(2021, 4, 29, 10, 50),
    datetime(2021, 4, 29, 11, 0),
    datetime(2021, 4, 29, 11, 10),
    datetime(2021, 4, 29, 11, 20),
    datetime(2021, 4, 29, 11, 30),
    datetime(2021, 4, 29, 11, 40),
    datetime(2021, 4, 29, 11, 50),
    datetime(2021, 4, 29, 12, 0),
    datetime(2021, 4, 29, 12, 10),
    datetime(2021, 4, 29, 12, 20),
    datetime(2021, 4, 29, 12, 30),
    datetime(2021, 4, 29, 12, 40),
    datetime(2021, 4, 29, 12, 50),
    datetime(2021, 4, 29, 13, 0),
    datetime(2021, 4, 29, 13, 10),
    datetime(2021, 4, 29, 13, 20),
    datetime(2021, 4, 29, 13, 30),
    datetime(2021, 4, 29, 13, 40),
    datetime(2021, 4, 29, 13, 50),
    datetime(2021, 4, 29, 14, 0),
    datetime(2021, 4, 29, 14, 10),
    datetime(2021, 4, 29, 14, 20),
    datetime(2021, 4, 29, 14, 30),
    datetime(2021, 4, 29, 14, 40),
    datetime(2021, 4, 29, 14, 50),
    datetime(2021, 4, 29, 15, 0),
    datetime(2021, 4, 29, 15, 10),
    datetime(2021, 4, 29, 15, 20),
    datetime(2021, 4, 29, 15, 30),
    datetime(2021, 4, 29, 15, 40),
    datetime(2021, 4, 29, 15, 50),
    datetime(2021, 4, 29, 16, 0),
    datetime(2021, 4, 29, 16, 10),
    datetime(2021, 4, 29, 16, 20),
    datetime(2021, 4, 29, 16, 30),
    datetime(2021, 4, 29, 16, 40),
    datetime(2021, 4, 29, 16, 50),
    datetime(2021, 4, 29, 17, 0),
    datetime(2021, 4, 29, 17, 10),
    datetime(2021, 4, 29, 17, 20),
    datetime(2021, 4, 29, 17, 30),
    datetime(2021, 4, 29, 17, 40),
    datetime(2021, 4, 29, 17, 50),
    datetime(2021, 4, 29, 18, 0),
    datetime(2021, 4, 29, 18, 10),
    datetime(2021, 4, 29, 18, 20),
    datetime(2021, 4, 29, 18, 30),
    datetime(2021, 4, 29, 18, 40),
    datetime(2021, 4, 29, 18, 50),
    datetime(2021, 4, 29, 19, 0),
    datetime(2021, 4, 29, 19, 10),
    datetime(2021, 4, 29, 19, 20),
    datetime(2021, 4, 29, 19, 30),
    datetime(2021, 4, 29, 19, 40),
    datetime(2021, 4, 29, 19, 50),
    datetime(2021, 4, 29, 20, 0),
    datetime(2021, 4, 29, 20, 10),
    datetime(2021, 4, 29, 20, 20),
    datetime(2021, 4, 29, 20, 30),
    datetime(2021, 4, 29, 20, 40),
    datetime(2021, 4, 29, 20, 50),
    datetime(2021, 4, 29, 21, 0),
    datetime(2021, 4, 29, 21, 10),
    datetime(2021, 4, 29, 21, 20),
    datetime(2021, 4, 29, 21, 30),
    datetime(2021, 4, 29, 21, 40),
    datetime(2021, 4, 29, 21, 50),
    datetime(2021, 4, 29, 22, 0),
    datetime(2021, 4, 29, 22, 10),
    datetime(2021, 4, 29, 22, 20),
    datetime(2021, 4, 29, 22, 30),
    datetime(2021, 4, 29, 22, 40),
    datetime(2021, 4, 29, 22, 50),
    datetime(2021, 4, 29, 23, 0),
    datetime(2021, 4, 29, 23, 10),
    datetime(2021, 4, 29, 23, 20),
    datetime(2021, 4, 29, 23, 30),
    datetime(2021, 4, 29, 23, 40),
    datetime(2021, 4, 29, 23, 50),
    datetime(2021, 4, 30, 0, 0),
    datetime(2021, 4, 30, 0, 10),
    datetime(2021, 4, 30, 0, 20),
    datetime(2021, 4, 30, 0, 30),
    datetime(2021, 4, 30, 0, 40),
    datetime(2021, 4, 30, 0, 50),
    datetime(2021, 4, 30, 1, 0),
    datetime(2021, 4, 30, 1, 10),
    datetime(2021, 4, 30, 1, 20),
    datetime(2021, 4, 30, 1, 30),
    datetime(2021, 4, 30, 1, 40),
    datetime(2021, 4, 30, 1, 50),
    datetime(2021, 4, 30, 2, 0),
    datetime(2021, 4, 30, 2, 10),
    datetime(2021, 4, 30, 2, 20),
    datetime(2021, 4, 30, 2, 30),
    datetime(2021, 4, 30, 2, 40),
    datetime(2021, 4, 30, 2, 50),
    datetime(2021, 4, 30, 3, 0),
    datetime(2021, 4, 30, 3, 10),
    datetime(2021, 4, 30, 3, 20),
    datetime(2021, 4, 30, 3, 30),
    datetime(2021, 4, 30, 3, 40),
    datetime(2021, 4, 30, 3, 50),
    datetime(2021, 4, 30, 4, 0),
    datetime(2021, 4, 30, 4, 10),
    datetime(2021, 4, 30, 4, 20),
    datetime(2021, 4, 30, 4, 30),
    datetime(2021, 4, 30, 4, 40),
    datetime(2021, 4, 30, 4, 50),
    datetime(2021, 4, 30, 5, 0),
    datetime(2021, 4, 30, 5, 10),
    datetime(2021, 4, 30, 5, 20),
    datetime(2021, 4, 30, 5, 30),
    datetime(2021, 4, 30, 5, 40),
    datetime(2021, 4, 30, 5, 50),
    datetime(2021, 4, 30, 6, 0),
    datetime(2021, 4, 30, 6, 10),
    datetime(2021, 4, 30, 6, 20),
    datetime(2021, 4, 30, 6, 30),
    datetime(2021, 4, 30, 6, 40),
    datetime(2021, 4, 30, 6, 50),
    datetime(2021, 4, 30, 7, 0),
    datetime(2021, 4, 30, 7, 10),
    datetime(2021, 4, 30, 7, 20),
    datetime(2021, 4, 30, 7, 30),
    datetime(2021, 4, 30, 7, 40),
    datetime(2021, 4, 30, 7, 50),
    datetime(2021, 4, 30, 8, 0),
    datetime(2021, 4, 30, 8, 10),
    datetime(2021, 4, 30, 8, 20),
    datetime(2021, 4, 30, 8, 30),
    datetime(2021, 4, 30, 8, 40),
    datetime(2021, 4, 30, 8, 50),
    datetime(2021, 4, 30, 9, 0),
    datetime(2021, 4, 30, 9, 10),
    datetime(2021, 4, 30, 9, 20),
    datetime(2021, 4, 30, 9, 30),
    datetime(2021, 4, 30, 9, 40),
    datetime(2021, 4, 30, 9, 50),
    datetime(2021, 4, 30, 10, 0),
    datetime(2021, 4, 30, 10, 10),
    datetime(2021, 4, 30, 10, 20),
    datetime(2021, 4, 30, 10, 30),
    datetime(2021, 4, 30, 10, 40),
    datetime(2021, 4, 30, 10, 50),
    datetime(2021, 4, 30, 11, 0),
    datetime(2021, 4, 30, 11, 10),
    datetime(2021, 4, 30, 11, 20),
    datetime(2021, 4, 30, 11, 30),
    datetime(2021, 4, 30, 11, 40),
    datetime(2021, 4, 30, 11, 50),
    datetime(2021, 4, 30, 12, 0),
    datetime(2021, 4, 30, 12, 10),
    datetime(2021, 4, 30, 12, 20),
    datetime(2021, 4, 30, 12, 30),
    datetime(2021, 4, 30, 12, 40),
    datetime(2021, 4, 30, 12, 50),
    datetime(2021, 4, 30, 13, 0),
    datetime(2021, 4, 30, 13, 10),
    datetime(2021, 4, 30, 13, 20),
    datetime(2021, 4, 30, 13, 30),
    datetime(2021, 4, 30, 13, 40),
    datetime(2021, 4, 30, 13, 50),
    datetime(2021, 4, 30, 14, 0),
    datetime(2021, 4, 30, 14, 10),
    datetime(2021, 4, 30, 14, 20),
    datetime(2021, 4, 30, 14, 30),
    datetime(2021, 4, 30, 14, 40),
    datetime(2021, 4, 30, 14, 50),
    datetime(2021, 4, 30, 15, 0),
    datetime(2021, 4, 30, 15, 10),
    datetime(2021, 4, 30, 15, 20),
    datetime(2021, 4, 30, 15, 30),
    datetime(2021, 4, 30, 15, 40),
    datetime(2021, 4, 30, 15, 50),
    datetime(2021, 4, 30, 16, 0),
    datetime(2021, 4, 30, 16, 10),
    datetime(2021, 4, 30, 16, 20),
    datetime(2021, 4, 30, 16, 30),
    datetime(2021, 4, 30, 16, 40),
    datetime(2021, 4, 30, 16, 50),
    datetime(2021, 4, 30, 17, 0),
    datetime(2021, 4, 30, 17, 10),
    datetime(2021, 4, 30, 17, 20),
    datetime(2021, 4, 30, 17, 30),
    datetime(2021, 4, 30, 17, 40),
    datetime(2021, 4, 30, 17, 50),
    datetime(2021, 4, 30, 18, 0),
    datetime(2021, 4, 30, 18, 10),
    datetime(2021, 4, 30, 18, 20),
    datetime(2021, 4, 30, 18, 30),
    datetime(2021, 4, 30, 18, 40),
    datetime(2021, 4, 30, 18, 50),
    datetime(2021, 4, 30, 19, 0),
    datetime(2021, 4, 30, 19, 10),
    datetime(2021, 4, 30, 19, 20),
    datetime(2021, 4, 30, 19, 30),
    datetime(2021, 4, 30, 19, 40),
    datetime(2021, 4, 30, 19, 50),
    datetime(2021, 4, 30, 20, 0),
    datetime(2021, 4, 30, 20, 10),
    datetime(2021, 4, 30, 20, 20),
    datetime(2021, 4, 30, 20, 30),
    datetime(2021, 4, 30, 20, 40),
    datetime(2021, 4, 30, 20, 50),
    datetime(2021, 4, 30, 21, 0),
    datetime(2021, 4, 30, 21, 10),
    datetime(2021, 4, 30, 21, 20),
    datetime(2021, 4, 30, 21, 30),
    datetime(2021, 4, 30, 21, 40),
    datetime(2021, 4, 30, 21, 50),
    datetime(2021, 4, 30, 22, 0),
    datetime(2021, 4, 30, 22, 10),
    datetime(2021, 4, 30, 22, 20),
    datetime(2021, 4, 30, 22, 30),
    datetime(2021, 4, 30, 22, 40),
    datetime(2021, 4, 30, 22, 50),
    datetime(2021, 4, 30, 23, 0),
    datetime(2021, 4, 30, 23, 10),
    datetime(2021, 4, 30, 23, 20),
    datetime(2021, 4, 30, 23, 30),
    datetime(2021, 4, 30, 23, 40),
    datetime(2021, 4, 30, 23, 50),
    datetime(2021, 5, 1, 0, 0),
    datetime(2021, 5, 1, 0, 10),
    datetime(2021, 5, 1, 0, 20),
    datetime(2021, 5, 1, 0, 30),
    datetime(2021, 5, 1, 0, 40),
    datetime(2021, 5, 1, 0, 50),
    datetime(2021, 5, 1, 1, 0),
    datetime(2021, 5, 1, 1, 10),
    datetime(2021, 5, 1, 1, 20),
    datetime(2021, 5, 1, 1, 30),
    datetime(2021, 5, 1, 1, 40),
    datetime(2021, 5, 1, 1, 50),
    datetime(2021, 5, 1, 2, 0),
    datetime(2021, 5, 1, 2, 10),
    datetime(2021, 5, 1, 2, 20),
    datetime(2021, 5, 1, 2, 30),
    datetime(2021, 5, 1, 2, 40),
    datetime(2021, 5, 1, 2, 50),
    datetime(2021, 5, 1, 3, 0),
    datetime(2021, 5, 1, 3, 10),
    datetime(2021, 5, 1, 3, 20),
    datetime(2021, 5, 1, 3, 30),
    datetime(2021, 5, 1, 3, 40),
    datetime(2021, 5, 1, 3, 50),
    datetime(2021, 5, 1, 4, 0),
    datetime(2021, 5, 1, 4, 10),
    datetime(2021, 5, 1, 4, 20),
    datetime(2021, 5, 1, 4, 30),
    datetime(2021, 5, 1, 4, 40),
    datetime(2021, 5, 1, 4, 50),
    datetime(2021, 5, 1, 5, 0),
    datetime(2021, 5, 1, 5, 10),
    datetime(2021, 5, 1, 5, 20),
    datetime(2021, 5, 1, 5, 30),
    datetime(2021, 5, 1, 5, 40),
    datetime(2021, 5, 1, 5, 50),
    datetime(2021, 5, 1, 6, 0),
    datetime(2021, 5, 1, 6, 10),
    datetime(2021, 5, 1, 6, 20),
    datetime(2021, 5, 1, 6, 30),
    datetime(2021, 5, 1, 6, 40),
    datetime(2021, 5, 1, 6, 50),
    datetime(2021, 5, 1, 7, 0),
    datetime(2021, 5, 1, 7, 10),
    datetime(2021, 5, 1, 7, 20),
    datetime(2021, 5, 1, 7, 30),
    datetime(2021, 5, 1, 7, 40),
    datetime(2021, 5, 1, 7, 50),
    datetime(2021, 5, 1, 8, 0),
    datetime(2021, 5, 1, 8, 10),
    datetime(2021, 5, 1, 8, 20),
    datetime(2021, 5, 1, 8, 30),
    datetime(2021, 5, 1, 8, 40),
    datetime(2021, 5, 1, 8, 50),
    datetime(2021, 5, 1, 9, 0),
    datetime(2021, 5, 1, 9, 10),
    datetime(2021, 5, 1, 9, 20),
    datetime(2021, 5, 1, 9, 30),
    datetime(2021, 5, 1, 9, 40),
    datetime(2021, 5, 1, 9, 50),
    datetime(2021, 5, 1, 10, 0),
    datetime(2021, 5, 1, 10, 10),
    datetime(2021, 5, 1, 10, 20),
    datetime(2021, 5, 1, 10, 30),
    datetime(2021, 5, 1, 10, 40),
    datetime(2021, 5, 1, 10, 50),
    datetime(2021, 5, 1, 11, 0),
    datetime(2021, 5, 1, 11, 10),
    datetime(2021, 5, 1, 11, 20),
    datetime(2021, 5, 1, 11, 30),
    datetime(2021, 5, 1, 11, 40),
    datetime(2021, 5, 1, 11, 50),
    datetime(2021, 5, 1, 12, 0),
    datetime(2021, 5, 1, 12, 10),
    datetime(2021, 5, 1, 12, 20),
    datetime(2021, 5, 1, 12, 30),
    datetime(2021, 5, 1, 12, 40),
    datetime(2021, 5, 1, 12, 50),
    datetime(2021, 5, 1, 13, 0),
    datetime(2021, 5, 1, 13, 10),
    datetime(2021, 5, 1, 13, 20),
    datetime(2021, 5, 1, 13, 30),
    datetime(2021, 5, 1, 13, 40),
    datetime(2021, 5, 1, 13, 50),
    datetime(2021, 5, 1, 14, 0),
    datetime(2021, 5, 1, 14, 10),
    datetime(2021, 5, 1, 14, 20),
    datetime(2021, 5, 1, 14, 30),
    datetime(2021, 5, 1, 14, 40),
    datetime(2021, 5, 1, 14, 50),
    datetime(2021, 5, 1, 15, 0),
    datetime(2021, 5, 1, 15, 10),
    datetime(2021, 5, 1, 15, 20),
    datetime(2021, 5, 1, 15, 30),
    datetime(2021, 5, 1, 15, 40),
    datetime(2021, 5, 1, 15, 50),
    datetime(2021, 5, 1, 16, 0),
    datetime(2021, 5, 1, 16, 10),
    datetime(2021, 5, 1, 16, 20),
    datetime(2021, 5, 1, 16, 30),
    datetime(2021, 5, 1, 16, 40),
    datetime(2021, 5, 1, 16, 50),
    datetime(2021, 5, 1, 17, 0),
    datetime(2021, 5, 1, 17, 10),
    datetime(2021, 5, 1, 17, 20),
    datetime(2021, 5, 1, 17, 30),
    datetime(2021, 5, 1, 17, 40),
    datetime(2021, 5, 1, 17, 50),
    datetime(2021, 5, 1, 18, 0),
    datetime(2021, 5, 1, 18, 10),
    datetime(2021, 5, 1, 18, 20),
    datetime(2021, 5, 1, 18, 30),
    datetime(2021, 5, 1, 18, 40),
    datetime(2021, 5, 1, 18, 50),
    datetime(2021, 5, 1, 19, 0),
    datetime(2021, 5, 1, 19, 10),
    datetime(2021, 5, 1, 19, 20),
    datetime(2021, 5, 1, 19, 30),
    datetime(2021, 5, 1, 19, 40),
    datetime(2021, 5, 1, 19, 50),
    datetime(2021, 5, 1, 20, 0),
    datetime(2021, 5, 1, 20, 10),
    datetime(2021, 5, 1, 20, 20),
    datetime(2021, 5, 1, 20, 30),
    datetime(2021, 5, 1, 20, 40),
    datetime(2021, 5, 1, 20, 50),
    datetime(2021, 5, 1, 21, 0),
    datetime(2021, 5, 1, 21, 10),
    datetime(2021, 5, 1, 21, 20),
    datetime(2021, 5, 1, 21, 30),
    datetime(2021, 5, 1, 21, 40),
    datetime(2021, 5, 1, 21, 50),
    datetime(2021, 5, 1, 22, 0),
    datetime(2021, 5, 1, 22, 10),
    datetime(2021, 5, 1, 22, 20),
    datetime(2021, 5, 1, 22, 30),
    datetime(2021, 5, 1, 22, 40),
    datetime(2021, 5, 1, 22, 50),
    datetime(2021, 5, 1, 23, 0),
    datetime(2021, 5, 1, 23, 10),
    datetime(2021, 5, 1, 23, 20),
    datetime(2021, 5, 1, 23, 30),
    datetime(2021, 5, 1, 23, 40),
    datetime(2021, 5, 1, 23, 50),
    datetime(2021, 5, 2, 0, 0),
    datetime(2021, 5, 2, 0, 10),
    datetime(2021, 5, 2, 0, 20),
    datetime(2021, 5, 2, 0, 30),
    datetime(2021, 5, 2, 0, 40),
    datetime(2021, 5, 2, 0, 50),
    datetime(2021, 5, 2, 1, 0),
    datetime(2021, 5, 2, 1, 10),
    datetime(2021, 5, 2, 1, 20),
    datetime(2021, 5, 2, 1, 30),
    datetime(2021, 5, 2, 1, 40),
    datetime(2021, 5, 2, 1, 50),
    datetime(2021, 5, 2, 2, 0),
    datetime(2021, 5, 2, 2, 10),
    datetime(2021, 5, 2, 2, 20),
    datetime(2021, 5, 2, 2, 30),
    datetime(2021, 5, 2, 2, 40),
    datetime(2021, 5, 2, 2, 50),
    datetime(2021, 5, 2, 3, 0),
    datetime(2021, 5, 2, 3, 10),
    datetime(2021, 5, 2, 3, 20),
    datetime(2021, 5, 2, 3, 30),
    datetime(2021, 5, 2, 3, 40),
    datetime(2021, 5, 2, 3, 50),
    datetime(2021, 5, 2, 4, 0),
    datetime(2021, 5, 2, 4, 10),
    datetime(2021, 5, 2, 4, 20),
    datetime(2021, 5, 2, 4, 30),
    datetime(2021, 5, 2, 4, 40),
    datetime(2021, 5, 2, 4, 50),
    datetime(2021, 5, 2, 5, 0),
    datetime(2021, 5, 2, 5, 10),
    datetime(2021, 5, 2, 5, 20),
    datetime(2021, 5, 2, 5, 30),
    datetime(2021, 5, 2, 5, 40),
    datetime(2021, 5, 2, 5, 50),
    datetime(2021, 5, 2, 6, 0),
    datetime(2021, 5, 2, 6, 10),
    datetime(2021, 5, 2, 6, 20),
    datetime(2021, 5, 2, 6, 30),
    datetime(2021, 5, 2, 6, 40),
    datetime(2021, 5, 2, 6, 50),
    datetime(2021, 5, 2, 7, 0),
    datetime(2021, 5, 2, 7, 10),
    datetime(2021, 5, 2, 7, 20),
    datetime(2021, 5, 2, 7, 30),
    datetime(2021, 5, 2, 7, 40),
    datetime(2021, 5, 2, 7, 50),
    datetime(2021, 5, 2, 8, 0),
    datetime(2021, 5, 2, 8, 10),
    datetime(2021, 5, 2, 8, 20),
    datetime(2021, 5, 2, 8, 30),
    datetime(2021, 5, 2, 8, 40),
    datetime(2021, 5, 2, 8, 50),
    datetime(2021, 5, 2, 9, 0),
    datetime(2021, 5, 2, 9, 10),
    datetime(2021, 5, 2, 9, 20),
    datetime(2021, 5, 2, 9, 30),
    datetime(2021, 5, 2, 9, 40),
    datetime(2021, 5, 2, 9, 50),
    datetime(2021, 5, 2, 10, 0),
    datetime(2021, 5, 2, 10, 10),
    datetime(2021, 5, 2, 10, 20),
    datetime(2021, 5, 2, 10, 30),
    datetime(2021, 5, 2, 10, 40),
    datetime(2021, 5, 2, 10, 50),
    datetime(2021, 5, 2, 11, 0),
    datetime(2021, 5, 2, 11, 10),
    datetime(2021, 5, 2, 11, 20),
    datetime(2021, 5, 2, 11, 30),
    datetime(2021, 5, 2, 11, 40),
    datetime(2021, 5, 2, 11, 50),
    datetime(2021, 5, 2, 12, 0),
    datetime(2021, 5, 2, 12, 10),
    datetime(2021, 5, 2, 12, 20),
    datetime(2021, 5, 2, 12, 30),
    datetime(2021, 5, 2, 12, 40),
    datetime(2021, 5, 2, 12, 50),
    datetime(2021, 5, 2, 13, 0),
    datetime(2021, 5, 2, 13, 10),
    datetime(2021, 5, 2, 13, 20),
    datetime(2021, 5, 2, 13, 30),
    datetime(2021, 5, 2, 13, 40),
    datetime(2021, 5, 2, 13, 50),
    datetime(2021, 5, 2, 14, 0),
    datetime(2021, 5, 2, 14, 10),
    datetime(2021, 5, 2, 14, 20),
    datetime(2021, 5, 2, 14, 30),
    datetime(2021, 5, 2, 14, 40),
    datetime(2021, 5, 2, 14, 50),
    datetime(2021, 5, 2, 15, 0),
    datetime(2021, 5, 2, 15, 10),
    datetime(2021, 5, 2, 15, 20),
    datetime(2021, 5, 2, 15, 30),
    datetime(2021, 5, 2, 15, 40),
    datetime(2021, 5, 2, 15, 50),
    datetime(2021, 5, 2, 16, 0),
    datetime(2021, 5, 2, 16, 10),
    datetime(2021, 5, 2, 16, 20),
    datetime(2021, 5, 2, 16, 30),
    datetime(2021, 5, 2, 16, 40),
    datetime(2021, 5, 2, 16, 50),
    datetime(2021, 5, 2, 17, 0),
    datetime(2021, 5, 2, 17, 10),
    datetime(2021, 5, 2, 17, 20),
    datetime(2021, 5, 2, 17, 30),
    datetime(2021, 5, 2, 17, 40),
    datetime(2021, 5, 2, 17, 50),
    datetime(2021, 5, 2, 18, 0),
    datetime(2021, 5, 2, 18, 10),
    datetime(2021, 5, 2, 18, 20),
    datetime(2021, 5, 2, 18, 30),
    datetime(2021, 5, 2, 18, 40),
    datetime(2021, 5, 2, 18, 50),
    datetime(2021, 5, 2, 19, 0),
    datetime(2021, 5, 2, 19, 10),
    datetime(2021, 5, 2, 19, 20),
    datetime(2021, 5, 2, 19, 30),
    datetime(2021, 5, 2, 19, 40),
    datetime(2021, 5, 2, 19, 50),
    datetime(2021, 5, 2, 20, 0),
    datetime(2021, 5, 2, 20, 10),
    datetime(2021, 5, 2, 20, 20),
    datetime(2021, 5, 2, 20, 30),
    datetime(2021, 5, 2, 20, 40),
    datetime(2021, 5, 2, 20, 50),
    datetime(2021, 5, 2, 21, 0),
    datetime(2021, 5, 2, 21, 10),
    datetime(2021, 5, 2, 21, 20),
    datetime(2021, 5, 2, 21, 30),
    datetime(2021, 5, 2, 21, 40),
    datetime(2021, 5, 2, 21, 50),
    datetime(2021, 5, 2, 22, 0),
    datetime(2021, 5, 2, 22, 10),
    datetime(2021, 5, 2, 22, 20),
    datetime(2021, 5, 2, 22, 30),
    datetime(2021, 5, 2, 22, 40),
    datetime(2021, 5, 2, 22, 50),
    datetime(2021, 5, 2, 23, 0),
    datetime(2021, 5, 2, 23, 10),
    datetime(2021, 5, 2, 23, 20),
    datetime(2021, 5, 2, 23, 30),
    datetime(2021, 5, 2, 23, 40),
    datetime(2021, 5, 2, 23, 50),
    datetime(2021, 5, 3, 0, 0),
]

filtered_scores = [
    -0.623963,
    -0.594186,
    -0.594478,
    -0.496762,
    -0.535164,
    -0.563159,
    -0.546276,
    -0.520945,
    -0.480681,
    -0.507590,
    -0.592845,
    -0.518247,
    -0.548097,
    -0.516376,
    -0.500321,
    -0.467536,
    -0.520406,
    -0.538223,
    -0.518622,
    -0.566911,
    -0.565670,
    -0.630907,
    -0.649248,
    -0.648164,
    -0.646390,
    -0.637592,
    -0.638792,
    -0.651685,
    -0.642972,
    -0.639100,
    -0.651564,
    -0.646958,
    -0.641872,
    -0.638602,
    -0.637034,
    -0.626481,
    -0.643148,
    -0.642415,
    -0.649067,
    -0.649541,
    -0.635723,
    -0.641461,
    -0.634552,
    -0.639347,
    -0.644484,
    -0.638574,
    -0.401501,
    -0.497399,
    -0.307114,
    -0.464336,
    -0.465686,
    -0.400130,
    -0.517675,
    -0.387027,
    -0.521462,
    -0.507621,
    -0.487625,
    -0.365838,
    -0.035282,
    0.945410,
    0.001307,
    0.074742,
    0.664873,
    -0.110558,
    -0.015347,
    0.040793,
    -0.056228,
    0.193378,
    -0.301272,
    -0.273405,
    -0.317732,
    -0.507675,
    0.410591,
    0.412780,
    0.423333,
    0.019515,
    0.687939,
    2.159606,
    0.091204,
    1.209725,
    0.623977,
    -0.027423,
    0.888063,
    0.355926,
    1.192504,
    0.857644,
    0.107779,
    -0.110626,
    -0.006616,
    -0.023826,
    -0.102354,
    -0.486152,
    -0.074062,
    -0.176109,
    -0.086143,
    0.311130,
    1.538726,
    1.013531,
    1.051155,
    0.470693,
    2.510526,
    2.527237,
    1.262329,
    2.104382,
    3.096198,
    -0.490767,
    0.065208,
    0.306299,
    -0.245112,
    0.027804,
    0.634478,
    0.638120,
    0.003165,
    -0.332482,
    -0.303231,
    -0.208557,
    -0.254127,
    -0.386345,
    -0.430456,
    -0.591018,
    -0.625118,
    -0.571055,
    -0.516079,
    -0.422947,
    -0.497570,
    -0.417014,
    -0.258404,
    -0.290515,
    -0.499196,
    -0.368438,
    -0.215831,
    -0.293940,
    -0.306851,
    -0.480200,
    -0.439130,
    -0.335069,
    -0.209756,
    -0.346108,
    -0.048532,
    -0.186188,
    -0.333118,
    -0.391984,
    -0.368535,
    -0.318003,
    -0.450263,
    -0.492579,
    -0.605541,
    -0.551705,
    -0.617967,
    -0.619903,
    -0.601246,
    -0.591184,
    -0.601603,
    -0.356271,
    -0.482235,
    -0.465476,
    -0.546357,
    -0.515313,
    -0.539414,
    -0.564969,
    -0.524936,
    -0.527727,
    -0.506598,
    -0.563522,
    -0.433502,
    -0.558238,
    -0.570530,
    -0.448499,
    -0.364842,
    -0.247246,
    -0.267009,
    0.191537,
    0.182286,
    0.475003,
    0.958980,
    1.505300,
    1.745947,
    2.792405,
    2.008126,
    1.932179,
    2.259891,
    1.675560,
    1.111470,
    1.625346,
    2.708337,
    3.196811,
    1.780735,
    0.846799,
    0.814564,
    2.016835,
    1.792567,
    1.590330,
    0.860955,
    0.893441,
    1.424285,
    1.636502,
    1.547118,
    1.053751,
    0.534695,
    0.639782,
    0.487591,
    0.698320,
    0.600348,
    0.214894,
    0.193974,
    0.285563,
    0.332550,
    0.236011,
    0.089701,
    0.019459,
    0.137845,
    0.064171,
    -0.055125,
    -0.096813,
    -0.198892,
    -0.323764,
    -0.417829,
    -0.461318,
    -0.540667,
    -0.528407,
    -0.562089,
    -0.530585,
    -0.513241,
    -0.441463,
    -0.432594,
    -0.484698,
    -0.382116,
    -0.521796,
    -0.498939,
    -0.417676,
    -0.474058,
    -0.218753,
    -0.221318,
    -0.397293,
    -0.377420,
    -0.463806,
    0.413975,
    0.095747,
    -0.007550,
    0.645277,
    0.041234,
    0.214997,
    0.903713,
    0.857427,
    1.084616,
    0.365831,
    0.165470,
    0.938439,
    1.340939,
    1.742254,
    1.038591,
    1.552032,
    1.645664,
    3.111298,
    2.684551,
    2.452150,
    2.935008,
    2.423405,
    3.446732,
    1.875885,
    2.099911,
    1.972449,
    3.330065,
    2.620554,
    1.366241,
    3.189022,
    3.090306,
    3.221477,
    4.497664,
    1.109676,
    2.474618,
    1.290710,
    0.934437,
    2.608753,
    1.918490,
    0.907406,
    0.187476,
    1.825559,
    1.062544,
    2.152241,
    3.131354,
    3.610893,
    3.588045,
    2.435077,
    3.167131,
    1.038452,
    1.915627,
    1.359605,
    1.027464,
    1.317463,
    1.036059,
    0.399699,
    0.692881,
    0.578521,
    1.584935,
    1.665248,
    2.552393,
    3.930987,
    2.901873,
    4.575939,
    4.658345,
    4.915572,
    4.905910,
    5.037316,
    2.221414,
    3.648164,
    1.106448,
    0.767378,
    0.899740,
    0.181055,
    0.270956,
    0.175207,
    0.416992,
    0.005885,
    -0.467792,
    -0.546785,
    -0.578154,
    -0.570912,
    -0.588632,
    -0.499155,
    -0.507447,
    -0.460695,
    -0.433170,
    -0.352370,
    -0.368258,
    -0.493817,
    -0.422112,
    -0.464269,
    -0.564576,
    -0.608057,
    -0.601297,
    -0.571876,
    -0.587176,
    -0.569604,
    -0.587832,
    -0.550474,
    -0.500860,
    -0.584939,
    -0.592851,
    -0.640249,
    -0.617603,
    -0.557492,
    -0.565998,
    -0.397500,
    -0.132037,
    -0.232091,
    -0.293183,
    -0.047640,
    -0.100288,
    0.282054,
    -0.254584,
    -0.120516,
    -0.440204,
    -0.461416,
    -0.277137,
    -0.236168,
    -0.489024,
    -0.289937,
    -0.522393,
    -0.414119,
    -0.414922,
    0.237711,
    0.072292,
    1.169293,
    0.269457,
    1.265606,
    1.569151,
    2.000453,
    4.513087,
    3.214725,
    0.036465,
    0.041766,
    0.016276,
    0.935242,
    0.011136,
    -0.431642,
    -0.561609,
    -0.601551,
    -0.587411,
    -0.577823,
    -0.576610,
    -0.578763,
    -0.571937,
    -0.618182,
    -0.583979,
    -0.591264,
    -0.607771,
    -0.589429,
    -0.379299,
    -0.491164,
    -0.316303,
    -0.220653,
    -0.199477,
    -0.163066,
    -0.166290,
    -0.302182,
    -0.215266,
    -0.190031,
    -0.235563,
    -0.479582,
    -0.483489,
    -0.520133,
    -0.557500,
    -0.580537,
    -0.203062,
    -0.296344,
    -0.094263,
    0.091000,
    0.402657,
    -0.122273,
    0.683823,
    -0.045506,
    0.080122,
    0.746916,
    0.119181,
    0.223070,
    0.543854,
    0.186100,
    0.437038,
    -0.397689,
    0.215386,
    0.435355,
    -0.122362,
    0.118999,
    -0.311122,
    -0.516050,
    -0.464655,
    -0.482676,
    -0.388510,
    -0.191648,
    -0.591435,
    -0.521054,
    -0.574935,
    -0.582021,
    -0.527020,
    -0.549247,
    -0.634533,
    -0.309640,
    -0.336660,
    -0.179997,
    -0.366639,
    -0.462629,
    -0.444007,
    -0.449772,
    -0.435502,
    -0.576533,
    -0.373705,
    -0.578030,
    -0.589087,
    -0.545627,
    -0.074252,
    0.127939,
    -0.039165,
    -0.057959,
    -0.242278,
    0.268445,
    0.841069,
    -0.023999,
    0.222910,
    0.700888,
    -0.170588,
    -0.081718,
    -0.261253,
    -0.203862,
    -0.635324,
    -0.642294,
    -0.647606,
    -0.638184,
    0.448814,
    0.851051,
    0.103685,
    -0.014079,
    -0.127986,
    -0.142096,
    -0.096454,
    0.107449,
    0.258771,
    -0.339844,
    -0.557642,
    -0.627625,
    -0.444963,
    -0.375956,
    -0.350681,
    -0.345592,
    0.348952,
    0.034578,
    0.098151,
    0.626435,
    1.293955,
    0.995780,
    0.908730,
    1.427010,
    0.978836,
    2.206553,
    2.251825,
    1.865496,
    0.554654,
    0.240550,
    0.638262,
    0.989899,
    0.510483,
    1.150957,
    0.259751,
    -0.183678,
    0.074734,
    -0.134084,
    0.617067,
    1.309870,
    3.008139,
    4.677118,
    5.725099,
    3.596266,
    3.252331,
    3.118428,
    2.034789,
    2.896861,
    2.483386,
    4.626550,
    2.386356,
    1.068574,
    -0.130040,
    2.449557,
    2.038389,
    3.386061,
    2.503291,
    0.557881,
    0.965667,
    0.010177,
    0.346925,
    0.409991,
    0.650437,
    -0.315618,
    0.869977,
    -0.122941,
    -0.516567,
    -0.440713,
    -0.167409,
    -0.202983,
    -0.356952,
    -0.577206,
    -0.560638,
    -0.540643,
    -0.562295,
    -0.592384,
    -0.575266,
    -0.583160,
    -0.592695,
    -0.600162,
    -0.582501,
    -0.640956,
    -0.589820,
    -0.582633,
    -0.610110,
    -0.582612,
    -0.586259,
    -0.597585,
    -0.579132,
    -0.577499,
    -0.493886,
    -0.382778,
    -0.353359,
    -0.406317,
    -0.491498,
    -0.509855,
    -0.024232,
    -0.143491,
    -0.052523,
    -0.146761,
    -0.268550,
    -0.345413,
    -0.304182,
    0.083461,
    0.172415,
    -0.504071,
    -0.605363,
    -0.084064,
    0.185798,
    -0.280538,
    -0.355346,
    -0.559961,
    -0.438055,
    -0.440941,
    -0.530083,
    -0.444146,
    -0.434110,
    -0.586849,
    -0.544650,
    -0.556802,
    -0.540527,
    -0.540032,
    -0.517797,
    -0.552302,
    -0.572653,
    -0.608446,
    -0.608899,
    -0.560791,
    -0.601277,
    -0.548154,
    -0.588096,
    -0.543100,
    -0.604265,
    -0.573872,
    -0.593898,
    -0.586482,
    -0.611272,
    -0.622366,
    -0.577300,
    -0.596570,
    -0.596116,
    -0.614807,
    -0.570685,
    -0.609418,
    -0.607675,
    -0.604607,
    -0.599258,
    -0.632733,
    -0.640658,
    -0.630588,
    -0.621663,
    -0.604555,
    -0.575525,
    -0.590092,
    -0.606711,
    -0.581283,
    -0.601354,
    -0.603873,
    -0.617226,
    -0.511418,
    -0.571322,
    -0.595811,
    -0.541736,
    -0.545073,
    -0.607839,
    -0.591554,
    -0.561862,
    -0.618614,
    -0.610570,
    -0.606679,
    -0.622463,
    -0.603351,
    -0.626178,
    -0.633190,
    -0.627228,
    -0.631822,
    -0.609744,
    -0.611630,
    -0.609648,
    -0.606718,
    -0.615996,
    -0.605843,
    -0.421438,
    -0.455020,
    -0.460150,
    -0.326141,
    -0.270210,
    -0.159586,
    -0.268943,
    -0.291638,
    -0.435672,
    -0.577414,
    -0.544478,
    -0.603491,
    -0.593912,
    -0.607830,
    -0.609560,
    -0.615851,
    -0.635816,
    -0.642725,
    -0.642367,
    -0.428643,
    -0.486178,
    -0.429274,
    -0.480152,
    -0.280718,
    -0.060674,
    0.055391,
    0.173974,
    0.194086,
    0.108546,
    -0.513819,
    -0.530504,
    -0.390587,
    -0.585395,
    -0.637715,
    -0.624419,
    -0.649511,
    -0.632821,
    -0.636979,
    -0.503212,
    -0.410123,
    -0.432638,
    -0.433599,
    -0.565440,
    -0.454857,
    -0.441622,
    -0.242885,
    -0.342888,
    -0.395640,
    -0.401433,
    -0.570677,
    -0.278095,
    0.081515,
    -0.140293,
    -0.087960,
    -0.203343,
    0.498473,
    0.113461,
    0.671929,
    1.559407,
    1.220551,
    0.271117,
    0.135263,
    0.101497,
    0.037720,
    -0.079349,
    0.621564,
    0.478570,
    0.509400,
    0.395173,
    0.025860,
    1.164180,
    2.773698,
    2.894030,
    1.827082,
    2.980822,
    1.832544,
    6.594471,
    3.737402,
    6.414071,
    6.764441,
    5.194300,
    0.922929,
    3.856191,
    2.485604,
    2.507116,
    3.877402,
    1.446529,
    2.651000,
    1.593357,
    0.678293,
    0.993920,
    1.962417,
    0.676872,
    3.594987,
    0.909798,
    -0.214766,
    -0.171133,
    0.020589,
    0.841052,
    0.915707,
    0.175431,
    -0.016344,
    0.461963,
    0.802460,
    0.371871,
    0.603840,
    0.173747,
    1.537475,
    0.214832,
    0.285913,
    -0.100178,
    0.564367,
    -0.025411,
    0.419812,
    0.921548,
    0.549065,
    0.902531,
    1.305122,
    3.040951,
    4.676165,
    6.281261,
    3.620211,
    2.603396,
    3.642345,
    2.166063,
    5.721377,
    2.668085,
    4.263250,
    2.499493,
    5.136482,
    0.903346,
    0.479162,
    3.567162,
    1.916331,
    0.362902,
    -0.413699,
    -0.330912,
    -0.421008,
    -0.467328,
    -0.251298,
    -0.219769,
    -0.122782,
    -0.307799,
    -0.184922,
    -0.002868,
    -0.261142,
    -0.266280,
    -0.438630,
    -0.529951,
    -0.514188,
    -0.310183,
    -0.413000,
    -0.336484,
    -0.493386,
    -0.343885,
    -0.516155,
    -0.531849,
    -0.255432,
    -0.333134,
    -0.450392,
    -0.092783,
    -0.412060,
    -0.518958,
    -0.338499,
    -0.427558,
    -0.274644,
    -0.279867,
    -0.109121,
    -0.004828,
    -0.249757,
    -0.175753,
    -0.076089,
    0.186211,
    -0.205921,
    -0.354107,
    -0.199735,
    0.088626,
    0.686910,
    0.371475,
    0.159440,
    -0.120465,
    0.498531,
    -0.061906,
    -0.113911,
    0.428488,
    0.459684,
    -0.151386,
    -0.052592,
    -0.482568,
    0.356740,
    0.294107,
    0.227109,
    1.483449,
    1.523408,
    1.761565,
    0.714308,
    0.278477,
    0.777016,
    0.060676,
    -0.080007,
    -0.365495,
    -0.623018,
    -0.600500,
    -0.583307,
    -0.610291,
    -0.563046,
    -0.628997,
    -0.624185,
    -0.478445,
    -0.463220,
    -0.496260,
    -0.453748,
    -0.541150,
    -0.606552,
    -0.577560,
]

threshold_95 = 1.727147
first_predicted_anomaly_timestamp = 2021-04-27 12:50:00
first_predicted_anomaly_value = 2.159606
first_true_anomaly_timestamp = 2021-05-02 02:10:00
first_true_anomaly_value = 2.485604
